# t (s)	mx ()	my ()	mz ()	Dind (J/m2)	B_extx (T)	B_exty (T)	B_extz (T)
0	2.2882407e-10	1.1961172e-09	-1	0	0	0	0
0	4.4316015e-10	6.648675e-10	1	0	0	0	0.10807081
0	-1.1727866e-10	5.7899126e-11	1	0	0	0	0.21614163
0	3.4181305e-10	1.8125994e-10	1	0	0	0	0.32421243
0	2.0863804e-10	1.1733227e-10	1	0	0	0	0.43228325
0	2.2194704e-11	1.9945606e-10	1	0	0	0	0.54035383
0	-2.8407986e-11	2.4184355e-10	1	0	0	0	0.64842486
0	-9.685135e-13	3.966927e-12	1	0	0	0	0.7564956
0	1.1864165e-11	6.6171325e-11	1	0	0	0	0.8645665
0	7.4694695e-12	5.216334e-11	1	0	0	0	0.97263706
0	2.9318757e-12	2.6635633e-11	1	0	0	0	1.0807077
0	1.7792431e-10	1.0675458e-09	-0.99984986	0.0003	0	0	0
0	5.36553e-10	1.3344323e-10	0.99985486	0.0003	0	0	0.10807081
0	2.3352567e-10	1.7792431e-10	0.99985933	0.0003	0	0	0.21614163
0	2.47426e-10	4.448108e-11	0.9998636	0.0003	0	0	0.32421243
0	3.7808917e-10	0	0.9998676	0.0003	0	0	0.43228325
0	-1.362233e-10	0	0.9998714	0.0003	0	0	0.54035383
0	-1.9460472e-10	-2.0016486e-10	0.999875	0.0003	0	0	0.64842486
0	-2.1406518e-10	2.4464594e-10	0.9998783	0.0003	0	0	0.7564956
0	-1.7792431e-10	4.003297e-10	0.99988157	0.0003	0	0	0.8645665
0	-2.4464594e-10	2.4464594e-10	0.99988467	0.0003	0	0	0.97263706
0	-2.1406518e-10	4.003297e-10	0.9998874	0.0003	0	0	1.0807077
0	3.6140876e-10	8.896216e-11	-0.99940085	0.0006	0	0	0
0	-3.669689e-10	0	0.9994205	0.0006	0	0	0.10807081
0	8.284601e-10	-3.5584863e-10	0.99943876	0.0006	0	0	0.21614163
0	-3.8920943e-11	2.6688646e-10	0.99945563	0.0006	0	0	0.32421243
0	5.0041214e-11	8.896216e-11	0.99947166	0.0006	0	0	0.43228325
0	-6.1161486e-11	3.5584863e-10	0.99948686	0.0006	0	0	0.54035383
0	-3.9476958e-10	0	0.9995008	0.0006	0	0	0.64842486
0	-6.060547e-10	4.4481077e-10	0.9995143	0.0006	0	0	0.7564956
0	8.340202e-11	4.892919e-10	0.99952704	0.0006	0	0	0.8645665
0	-2.724466e-10	2.6688646e-10	0.9995391	0.0006	0	0	0.97263706
0	-4.837317e-10	7.5617834e-10	0.9995507	0.0006	0	0	1.0807077
0	1.3900336e-10	-2.846789e-09	-0.9986576	0.0009000002	0	0	0
0	-1.05642564e-10	0	0.99870133	0.0009000002	0	0	0.10807081
0	2.718906e-09	-1.6013189e-09	0.9987421	0.0009000002	0	0	0.21614163
0	-3.3360807e-11	5.337729e-10	0.99878	0.0009000002	0	0	0.32421243
0	-8.340202e-11	8.896216e-11	0.9988157	0.0009000002	0	0	0.43228325
0	-2.4464594e-10	4.4481077e-10	0.9988493	0.0009000002	0	0	0.54035383
0	7.228175e-11	0	0.998881	0.0009000002	0	0	0.64842486
0	-8.284601e-10	-2.6688646e-10	0.99891114	0.0009000002	0	0	0.7564956
0	-7.672986e-10	3.5584863e-10	0.9989395	0.0009000002	0	0	0.8645665
0	-1.3399925e-09	7.1169726e-10	0.9989665	0.0009000002	0	0	0.97263706
0	-6.8389655e-10	0	0.99899244	0.0009000002	0	0	1.0807077
0	0.10505681	0.02565001	-0.49636185	0.0012	0	0	0
0	3.3360807e-11	0	0.99770445	0.0012	0	0	0.10807081
0	-4.448108e-11	0	0.99777615	0.0012	0	0	0.21614163
0	-7.00577e-10	0	0.9978429	0.0012	0	0	0.32421243
0	-4.892919e-10	8.8962154e-10	0.9979058	0.0012	0	0	0.43228325
0	-4.781716e-10	-7.1169726e-10	0.99796486	0.0012	0	0	0.54035383
0	1.112027e-11	1.7792431e-10	0.99802065	0.0012	0	0	0.64842486
0	5.5601346e-11	1.7792431e-09	0.99807346	0.0012	0	0	0.7564956
0	-8.5626073e-10	1.0675458e-09	0.99812376	0.0012	0	0	0.8645665
0	-3.3360807e-11	4.4481077e-10	0.9981715	0.0012	0	0	0.97263706
0	-1.2121094e-09	1.5123567e-09	0.99821705	0.0012	0	0	1.0807077
0	0.12500422	3.5300184e-07	-0.33379263	0.0014999999	0	0	0
0	5.2376468e-09	3.2026377e-09	0.99643946	0.0014999999	0	0	0.10807081
0	-2.8579092e-09	2.313016e-09	0.99654996	0.0014999999	0	0	0.21614163
0	-1.6680404e-10	-8.8962154e-10	0.9966531	0.0014999999	0	0	0.32421243
0	5.5601346e-10	1.7792431e-10	0.99675	0.0014999999	0	0	0.43228325
0	-1.1120269e-09	-1.4233945e-09	0.99684113	0.0014999999	0	0	0.54035383
0	-1.445635e-10	-7.1169726e-10	0.9969274	0.0014999999	0	0	0.64842486
0	-1.946047e-09	1.6013189e-09	0.997009	0.0014999999	0	0	0.7564956
0	-6.116148e-10	0	0.99708664	0.0014999999	0	0	0.8645665
0	-1.6235594e-09	1.7792431e-09	0.9971606	0.0014999999	0	0	0.97263706
0	-3.8920944e-10	3.5584863e-10	0.997231	0.0014999999	0	0	1.0807077
0	0.119495496	3.401913e-07	-0.33361632	0.0018000004	0	0	0
0	2.0683701e-09	-7.1169726e-10	0.99491787	0.0018000004	0	0	0.10807081
0	-2.1128513e-10	0	0.9950743	0.0018000004	0	0	0.21614163
0	-1.6680404e-10	-2.6688647e-09	0.99522066	0.0018000004	0	0	0.32421243
0	-3.1136754e-10	-1.4233945e-09	0.99535805	0.0018000004	0	0	0.43228325
0	5.448932e-10	-2.313016e-09	0.9954875	0.0018000004	0	0	0.54035383
0	-4.0366577e-09	1.7792431e-09	0.99560994	0.0018000004	0	0	0.64842486
0	-6.227351e-10	2.6688647e-09	0.9957261	0.0018000004	0	0	0.7564956
0	-6.6721614e-11	-7.1169726e-10	0.9958364	0.0018000004	0	0	0.8645665
0	-2.224054e-11	4.092259e-09	0.99594146	0.0018000004	0	0	0.97263706
0	-9.89704e-10	2.846789e-09	0.99604166	0.0018000004	0	0	1.0807077
0	0.12607242	-0.017661553	-0.24043874	0.0020999997	0	0	0
0	7.217055e-09	2.1350917e-09	0.99315315	0.0020999997	0	0	0.10807081
0	-3.958816e-09	4.2701833e-09	0.99336237	0.0020999997	0	0	0.21614163
0	1.5457174e-09	4.9818807e-09	0.9935582	0.0020999997	0	0	0.32421243
0	1.690281e-09	-4.092259e-09	0.993742	0.0020999997	0	0	0.43228325
0	2.6243836e-09	-4.092259e-09	0.99391544	0.0020999997	0	0	0.54035383
0	7.7841886e-11	-2.4909403e-09	0.9940793	0.0020999997	0	0	0.64842486
0	-5.2265264e-10	1.0675458e-09	0.99423474	0.0020999997	0	0	0.7564956
0	-1.5012364e-09	1.7792431e-10	0.99438256	0.0020999997	0	0	0.8645665
0	1.4678756e-09	2.1350917e-09	0.99452335	0.0020999997	0	0	0.97263706
0	-1.2454702e-09	2.846789e-09	0.994658	0.0020999997	0	0	1.0807077
0	0.08805507	0.02001498	-0.49369866	0.0024	0	0	0
0	5.849262e-09	3.5584862e-09	0.9911606	0.0024	0	0	0.10807081
0	-3.8698538e-09	5.693578e-09	0.9914282	0.0024	0	0	0.21614163
0	-5.070843e-09	2.846789e-09	0.9916789	0.0024	0	0	0.32421243
0	4.714994e-09	-8.184518e-09	0.9919146	0.0024	0	0	0.43228325
0	-5.337729e-10	5.337729e-10	0.9921366	0.0024	0	0	0.54035383
0	7.784189e-10	-1.4233945e-09	0.992347	0.0024	0	0	0.64842486
0	1.0008243e-09	0	0.99254644	0.0024	0	0	0.7564956
0	1.156508e-09	1.2454702e-09	0.99273616	0.0024	0	0	0.8645665
0	-9.341027e-10	8.8962154e-10	0.992917	0.0024	0	0	0.97263706
0	-1.5790783e-09	2.846789e-09	0.99308974	0.0024	0	0	1.0807077
0	0.08349854	0.018498315	-0.49275357	0.0027000008	0	0	0
0	7.42834e-09	8.540367e-09	0.98895574	0.0027000008	0	0	0.10807081
0	2.2462945e-09	1.7792431e-09	0.98928726	0.0027000008	0	0	0.21614163
0	2.224054e-11	5.693578e-09	0.9895975	0.0027000008	0	0	0.32421243
0	1.2232296e-09	-2.846789e-09	0.98988956	0.0027000008	0	0	0.43228325
0	2.6243836e-09	-2.846789e-09	0.9901651	0.0027000008	0	0	0.54035383
0	1.7570025e-09	3.5584863e-10	0.99042577	0.0027000008	0	0	0.64842486
0	-1.6457999e-09	-2.846789e-09	0.9906735	0.0027000008	0	0	0.7564956
0	2.6243836e-09	1.2454702e-09	0.9909089	0.0027000008	0	0	0.8645665
0	9.563432e-10	5.337729e-10	0.9911336	0.0027000008	0	0	0.97263706
0	-2.224054e-11	-5.337729e-10	0.991348	0.0027000008	0	0	1.0807077
0	0.07894117	0.016986711	-0.49169597	0.0029999998	0	0	0
0	7.2726563e-09	4.9818807e-09	0.9865559	0.0029999998	0	0	0.10807081
0	3.6029673e-09	-1.4233945e-09	0.9869555	0.0029999998	0	0	0.21614163
0	-1.1120269e-10	3.5584862e-09	0.98732954	0.0029999998	0	0	0.32421243
0	-3.0691945e-09	-3.5584862e-09	0.9876818	0.0029999998	0	0	0.43228325
0	2.513181e-09	-6.0494267e-09	0.9880144	0.0029999998	0	0	0.54035383
0	-8.451405e-10	-2.846789e-09	0.98832935	0.0029999998	0	0	0.64842486
0	1.690281e-09	2.1350917e-09	0.9886285	0.0029999998	0	0	0.7564956
0	-7.5617834e-10	3.5584863e-10	0.9889132	0.0029999998	0	0	0.8645665
0	1.2454702e-09	1.4233945e-09	0.9891849	0.0029999998	0	0	0.97263706
0	1.2232296e-09	3.7364107e-09	0.9894445	0.0029999998	0	0	1.0807077
