# t (s)	mx ()	my ()	mz ()	Dind (J/m2)	B_extx (T)	B_exty (T)	B_extz (T)
0	2.285282e-10	1.1945709e-09	-1	0	0	0	0
0	0.010386671	-0.039349478	-0.99846727	0	0.0037022377	-0.018189332	0
0	0.020771587	-0.07869905	-0.99385583	0	0.0074044755	-0.036378663	0
0	0.03115291	-0.11804869	-0.9861262	0	0.011106713	-0.054568	0
0	0.041528676	-0.15739794	-0.9752098	0	0.014808951	-0.072757326	0
0	0.051896702	-0.19674593	-0.9610068	0	0.018511187	-0.09094666	0
0	0.06225447	-0.2360907	-0.9433816	0	0.022213425	-0.109136	0
0	0.07259893	-0.27542913	-0.9221541	0	0.025915667	-0.12732531	0
0	0.08292627	-0.3147558	-0.8970908	0	0.029617902	-0.14551465	0
0	0.09323156	-0.354062	-0.8678899	0	0.033320144	-0.16370395	0
0	0.10350796	-0.39333364	-0.8341575	0	0.037022375	-0.18189332	0
0	-9.730236e-11	1.4233945e-09	-0.99984986	0.0003	0	0	0
0	0.010359627	-0.039316207	-0.9983188	0.0003	0.0037022377	-0.018189332	0
0	0.020717558	-0.07863259	-0.99371284	0.0003	0.0074044755	-0.036378663	0
0	0.031072019	-0.11794915	-0.9859919	0.0003	0.011106713	-0.054568	0
0	0.12080342	-0.19988939	-0.48472098	0.0003	0.014808951	-0.072757326	0
0	0.11871674	-0.24589415	-0.47796112	0.0003	0.018511187	-0.09094666	0
0	0.11941237	-0.28786513	-0.4691438	0.0003	0.022213425	-0.109136	0
0	0.07241336	-0.27520055	-0.92209065	0.0003	0.025915667	-0.12732531	0
0	0.08271573	-0.31449637	-0.89705354	0.0003	0.029617902	-0.14551465	0
0	0.092996806	-0.3537727	-0.8678814	0.0003	0.033320144	-0.16370395	0
0	0.10324996	-0.39301574	-0.8341804	0.0003	0.037022375	-0.18189332	0
0	2.9579916e-09	4.4481077e-10	-0.999401	0.0006	0	0	0
0	0.010279777	-0.039217494	-0.99787515	0.0006	0.0037022377	-0.018189332	0
0	0.020558042	-0.07843537	-0.99328494	0.0006	0.0074044755	-0.036378663	0
0	0.030833181	-0.11765385	-0.9855902	0.0006	0.011106713	-0.054568	0
0	0.12929724	-0.1859568	-0.48257178	0.0006	0.014808951	-0.072757326	0
0	0.1291052	-0.23281193	-0.47514078	0.0006	0.018511187	-0.09094666	0
0	0.12995361	-0.2765819	-0.46568283	0.0006	0.022213425	-0.109136	0
0	0.13214388	-0.31801853	-0.45389947	0.0006	0.025915667	-0.12732531	0
0	0.13554314	-0.3578298	-0.43941665	0.0006	0.029617902	-0.14551465	0
0	0.09230349	-0.3529152	-0.8678516	0.0006	0.033320144	-0.16370395	0
0	0.10248809	-0.39207372	-0.8342423	0.0006	0.037022375	-0.18189332	0
0	6.4497563e-10	-1.6013189e-09	-0.9986576	0.0009000002	0	0	0
0	0.010150856	-0.03905654	-0.99714035	0.0009000002	0.0037022377	-0.018189332	0
0	0.020300455	-0.07811381	-0.99257576	0.0009000002	0.0074044755	-0.036378663	0
0	0.030447561	-0.11717246	-0.9849238	0.0009000002	0.011106713	-0.054568	0
0	0.13214824	-0.17609096	-0.4810861	0.0009000002	0.014808951	-0.072757326	0
0	0.13380241	-0.22241543	-0.47310644	0.0009000002	0.018511187	-0.09094666	0
0	0.13566287	-0.26650584	-0.46301717	0.0009000002	0.022213425	-0.109136	0
0	0.13818845	-0.308642	-0.45044473	0.0009000002	0.025915667	-0.12732531	0
0	0.14154585	-0.34920684	-0.434856	0.0009000002	0.029617902	-0.14551465	0
0	0.14576535	-0.38854405	-0.41539875	0.0009000002	0.033320144	-0.16370395	0
0	0.101256706	-0.39054146	-0.8343246	0.0009000002	0.037022375	-0.18189332	0
0	0.10505682	0.025649998	-0.49636185	0.0012	0	0	0
0	0.00997858	-0.038838346	-0.9961218	0.0012	0.0037022377	-0.018189332	0
0	0.019956283	-0.07767797	-0.99159163	0.0012	0.0074044755	-0.036378663	0
0	0.12816729	-0.12158663	-0.48643652	0.0012	0.011106713	-0.054568	0
0	0.13199593	-0.16855155	-0.47997394	0.0012	0.014808951	-0.072757326	0
0	0.1350728	-0.21393771	-0.47158596	0.0012	0.018511187	-0.09094666	0
0	0.13799843	-0.25766954	-0.46095154	0.0012	0.022213425	-0.109136	0
0	0.15725793	-0.29283515	-0.36834475	0.0012	0.025915667	-0.12732531	0
0	0.16057976	-0.33442464	-0.3514774	0.0012	0.029617902	-0.14551465	0
0	0.17759342	-0.34051472	-0.1162235	0.0012	0.033320144	-0.16370395	0
0	0.1812139	-0.38091254	-0.091524355	0.0012	0.037022375	-0.18189332	0
0	0.12500417	4.0993763e-07	-0.3337928	0.0014999999	0	0	0
0	0.009770111	-0.038569327	-0.9948291	0.0014999999	0.0037022377	-0.018189332	0
0	0.11905049	-0.07051662	-0.49064654	0.0014999999	0.0074044755	-0.036378663	0
0	0.12514883	-0.117020704	-0.48575443	0.0014999999	0.011106713	-0.054568	0
0	0.14052577	-0.15758874	-0.43379056	0.0014999999	0.014808951	-0.072757326	0
0	0.15071078	-0.19551928	-0.383953	0.0014999999	0.018511187	-0.09094666	0
0	0.16321923	-0.1970542	-0.1497964	0.0014999999	0.022213425	-0.109136	0
0	0.16762517	-0.24302381	-0.14202996	0.0014999999	0.025915667	-0.12732531	0
0	0.17154323	-0.28710902	-0.13066237	0.0014999999	0.029617902	-0.14551465	0
0	0.17546856	-0.32885894	-0.110710055	0.0014999999	0.033320144	-0.16370395	0
0	0.17276944	-0.3568481	-1.4803303e-06	0.0014999999	0.037022375	-0.18189332	0
0	0.119495474	3.7719954e-07	-0.33361644	0.0018000004	0	0	0
0	0.12285917	-0.031357337	-0.40924242	0.0018000004	0.0037022377	-0.018189332	0
0	0.13355048	-0.093046956	-0.32924563	0.0018000004	0.0074044755	-0.036378663	0
0	0.12127619	-0.11340216	-0.4851324	0.0018000004	0.011106713	-0.054568	0
0	0.14515829	-0.095690966	-0.15784833	0.0018000004	0.014808951	-0.072757326	0
0	0.15234947	-0.14320101	-0.1543606	0.0018000004	0.018511187	-0.09094666	0
0	0.15822129	-0.18952033	-0.14899513	0.0018000004	0.022213425	-0.109136	0
0	0.16316837	-0.23437633	-0.14095512	0.0018000004	0.025915667	-0.12732531	0
0	0.1675708	-0.27754828	-0.12863421	0.0018000004	0.029617902	-0.14551465	0
0	0.17203733	-0.31816843	-0.10386644	0.0018000004	0.033320144	-0.16370395	0
0	0.16794018	-0.34619588	-1.78209e-06	0.0018000004	0.037022375	-0.18189332	0
0	0.12607244	-0.01766156	-0.2404387	0.0020999997	0	0	0
0	0.13208991	-0.061988775	-0.24619396	0.0020999997	0.0037022377	-0.018189332	0
0	0.12816995	-0.08981923	-0.32926667	0.0020999997	0.0074044755	-0.036378663	0
0	0.12561013	-0.10520375	-0.44198662	0.0020999997	0.011106713	-0.054568	0
0	0.13878542	-0.092664346	-0.15700477	0.0020999997	0.014808951	-0.072757326	0
0	0.14623311	-0.1385134	-0.15341581	0.0020999997	0.018511187	-0.09094666	0
0	0.15247953	-0.18341039	-0.14791633	0.0020999997	0.022213425	-0.109136	0
0	0.15783992	-0.22707282	-0.13956636	0.0020999997	0.025915667	-0.12732531	0
0	0.16267484	-0.26916608	-0.12601565	0.0020999997	0.029617902	-0.14551465	0
0	0.15816452	-0.29432082	-1.5031046e-06	0.0020999997	0.033320144	-0.16370395	0
0	0.16233331	-0.33668467	-1.5031046e-06	0.0020999997	0.037022375	-0.18189332	0
0	0.088055104	0.02001498	-0.49369854	0.0024	0	0	0
0	0.12588556	-0.060140975	-0.24350804	0.0024	0.0037022377	-0.018189332	0
0	0.10505605	-0.06572282	-0.48877585	0.0024	0.0074044755	-0.036378663	0
0	0.13215123	-0.07134652	-0.2837764	0.0024	0.011106713	-0.054568	0
0	0.13224235	-0.09060721	-0.15601657	0.0024	0.014808951	-0.072757326	0
0	0.13980295	-0.13492191	-0.15229592	0.0024	0.018511187	-0.09094666	0
0	0.14628926	-0.1784532	-0.14663376	0.0024	0.022213425	-0.109136	0
0	0.15196046	-0.22092019	-0.13795842	0.0024	0.025915667	-0.12732531	0
0	0.15719803	-0.26183337	-0.12264637	0.0024	0.029617902	-0.14551465	0
0	0.15193313	-0.28685972	-1.2753615e-06	0.0024	0.033320144	-0.16370395	0
0	0.15624684	-0.3282923	-1.3379909e-06	0.0024	0.037022375	-0.18189332	0
0	0.08349859	0.01849832	-0.4927534	0.0027000008	0	0	0
0	0.092227876	-0.023288276	-0.49113998	0.0027000008	0.0037022377	-0.018189332	0
0	0.11248738	-0.05029825	-0.3929397	0.0027000008	0.0074044755	-0.036378663	0
0	0.1255313	-0.07246862	-0.2916889	0.0027000008	0.011106713	-0.054568	0
0	0.1256587	-0.089294106	-0.15491602	0.0027000008	0.014808951	-0.072757326	0
0	0.13323496	-0.13219984	-0.15105216	0.0027000008	0.018511187	-0.09094666	0
0	0.13986431	-0.17444758	-0.14522241	0.0027000008	0.022213425	-0.109136	0
0	0.14576931	-0.21576491	-0.13623664	0.0027000008	0.025915667	-0.12732531	0
0	0.1514715	-0.25530478	-0.117287844	0.0027000008	0.029617902	-0.14551465	0
0	0.14549975	-0.28052482	-1.6511376e-06	0.0027000008	0.033320144	-0.16370395	0
0	0.14992127	-0.32095468	-2.7329174e-06	0.0027000008	0.037022375	-0.18189332	0
0	0.07894123	0.016986717	-0.4916957	0.0029999998	0	0	0
0	0.11543078	-0.070732854	-0.17492129	0.0029999998	0.0037022377	-0.018189332	0
0	0.111276105	-0.03260828	-0.30494115	0.0029999998	0.0074044755	-0.036378663	0
0	0.119013704	-0.07296466	-0.2950147	0.0029999998	0.011106713	-0.054568	0
0	0.11913074	-0.08855756	-0.15372883	0.0029999998	0.014808951	-0.072757326	0
0	0.12665726	-0.13017501	-0.14972173	0.0029999998	0.018511187	-0.09094666	0
0	0.050804254	-0.2206732	-0.934222	0.0029999998	0.022213425	-0.109136	0
0	0.13944368	-0.21147694	-0.13449264	0.0029999998	0.025915667	-0.12732531	0
0	0.14548798	-0.24999098	-0.113973714	0.0029999998	0.029617902	-0.14551465	0
0	0.1390387	-0.27518573	-2.2774311e-06	0.0029999998	0.033320144	-0.16370395	0
0	0.14354263	-0.31458372	-3.615422e-06	0.0029999998	0.037022375	-0.18189332	0
